test1:
Blueprint 1 path [1,0,0,0](0),[1,1,0,0](3),[1,2,0,0](5),[1,3,0,0](7),[1,3,1,0](11),[1,4,1,0](12),[1,4,2,0](15),[1,4,2,1](18),[1,4,2,2](21),[1,4,2,2](24) geodes 9
Blueprint 2 path [1,0,0,0](0),[2,0,0,0](3),[3,0,0,0](5),[3,1,0,0](6),[3,2,0,0](7),[3,3,0,0](8),[3,4,0,0](9),[3,5,0,0](10),[3,5,1,0](11),[3,5,2,0](13),[3,5,3,0](14),[3,5,4,0](16),[3,5,5,0](17),[3,5,5,1](18),[3,5,6,1](19),[3,5,6,2](20),[3,5,6,3](22),[3,5,6,4](24) geodes 12

prod1:
Blueprint 1 path [1,0,0,0](0),[2,0,0,0](3),[3,0,0,0](5),[4,0,0,0](6),[4,1,0,0](7),[4,2,0,0](8),[4,3,0,0](9),[4,4,0,0](10),[4,5,0,0](11),[4,6,0,0](12),[4,7,0,0](13),[4,7,1,0](14),[4,7,2,0](16),[4,7,3,0](18),[4,7,3,1](20),[4,7,3,2](23),[4,7,3,2](24) geodes 5
Blueprint 2 path  geodes 0
Blueprint 3 path [1,0,0,0](0),[1,1,0,0](5),[1,2,0,0](9),[1,2,1,0](14),[1,2,2,0](20),[1,2,2,1](22),[1,2,2,1](24) geodes 2
Blueprint 4 path [1,0,0,0](0),[2,0,0,0](3),[3,0,0,0](5),[3,1,0,0](6),[3,2,0,0](7),[3,3,0,0](8),[3,4,0,0](9),[3,5,0,0](10),[3,6,0,0](11),[3,6,1,0](12),[3,7,1,0](13),[3,8,1,0](14),[3,8,2,0](15),[3,8,3,0](16),[3,8,3,1](18),[3,8,4,1](19),[3,8,4,2](21),[3,8,4,3](23),[3,8,4,3](24) geodes 10
Blueprint 5 path [1,0,0,0](0),[2,0,0,0](4),[2,1,0,0](7),[3,1,0,0](8),[3,2,0,0](10),[3,3,0,0](11),[3,4,0,0](13),[3,5,0,0](14),[3,5,1,0](15),[3,5,2,0](18),[3,5,2,1](21),[3,5,2,1](24) geodes 3
Blueprint 6 path [1,0,0,0](0),[2,0,0,0](4),[3,0,0,0](6),[3,1,0,0](8),[3,2,0,0](9),[3,3,0,0](11),[3,4,0,0](12),[3,4,1,0](13),[3,4,2,0](15),[3,4,3,0](17),[3,4,4,0](19),[3,4,4,1](20),[3,4,4,2](22),[3,4,4,2](24) geodes 6
Blueprint 7 path  geodes 0
Blueprint 8 path [1,0,0,0](0),[1,1,0,0](4),[1,2,0,0](7),[1,2,1,0](10),[1,2,2,0](14),[1,2,2,1](17),[1,2,3,1](18),[1,2,3,2](21),[1,2,3,3](23),[1,2,3,3](24) geodes 11
Blueprint 9 path [1,0,0,0](0),[2,0,0,0](3),[3,0,0,0](5),[4,0,0,0](6),[4,1,0,0](7),[4,2,0,0](8),[4,3,0,0](9),[4,4,0,0](10),[4,5,0,0](11),[4,6,0,0](12),[4,7,0,0](13),[4,7,1,0](14),[4,7,2,0](16),[4,7,3,0](19),[4,7,3,1](21),[4,7,3,1](24) geodes 3
Blueprint 10 path [1,0,0,0](0),[2,0,0,0](4),[3,0,0,0](6),[3,1,0,0](8),[4,1,0,0](9),[4,2,0,0](10),[4,3,0,0](11),[4,4,0,0](12),[4,4,1,0](13),[4,5,1,0](14),[4,5,2,0](15),[4,5,3,0](16),[4,5,4,0](17),[4,5,5,0](18),[4,5,5,1](19),[4,5,6,1](20),[4,5,6,2](22),[4,5,6,3](23),[4,5,6,3](24) geodes 8
Blueprint 11 path [1,0,0,0](0),[1,1,0,0](5),[1,2,0,0](9),[1,2,1,0](13),[1,2,2,0](17),[1,3,2,0](18),[1,3,3,0](21),[1,3,3,1](23),[1,3,3,1](24) geodes 1
Blueprint 12 path  geodes 0
Blueprint 13 path [1,0,0,0](0),[1,1,0,0](5),[1,2,0,0](9),[1,2,1,0](13),[1,2,2,0](17),[1,2,2,1](23),[1,2,2,1](24) geodes 1
Blueprint 14 path  geodes 0
Blueprint 15 path [1,0,0,0](0),[2,0,0,0](3),[3,0,0,0](5),[3,1,0,0](6),[3,2,0,0](7),[3,3,0,0](8),[3,4,0,0](9),[3,5,0,0](10),[3,5,1,0](11),[3,5,2,0](13),[3,6,2,0](14),[3,6,3,0](15),[3,6,4,0](16),[3,6,4,1](17),[3,6,5,1](18),[3,6,5,2](20),[3,6,5,3](21),[3,6,5,4](23),[3,6,5,4](24) geodes 15
Blueprint 16 path  geodes 0
Blueprint 17 path  geodes 0
Blueprint 18 path [1,0,0,0](0),[2,0,0,0](4),[2,1,0,0](6),[2,2,0,0](8),[2,3,0,0](9),[2,3,1,0](11),[2,4,1,0](12),[2,4,2,0](14),[2,4,3,0](15),[2,4,4,0](17),[2,4,4,1](18),[2,4,4,2](20),[2,4,4,3](22),[2,4,4,3](24) geodes 12
Blueprint 19 path  geodes 0
Blueprint 20 path [1,0,0,0](0),[2,0,0,0](3),[3,0,0,0](5),[4,0,0,0](6),[4,1,0,0](7),[4,2,0,0](8),[4,3,0,0](9),[4,4,0,0](10),[4,5,0,0](11),[4,6,0,0](12),[4,7,0,0](13),[4,7,1,0](14),[4,8,1,0](15),[4,8,2,0](17),[4,8,3,0](19),[4,8,3,1](22),[4,8,3,1](24) geodes 2
Blueprint 21 path [1,0,0,0](0),[2,0,0,0](4),[2,1,0,0](6),[2,2,0,0](8),[2,3,0,0](9),[2,4,0,0](11),[2,5,0,0](12),[2,5,1,0](14),[2,5,2,0](18),[2,5,2,1](23),[2,5,2,1](24) geodes 1
Blueprint 22 path  geodes 0
Blueprint 23 path [1,0,0,0](0),[1,1,0,0](4),[1,2,0,0](7),[1,2,1,0](13),[1,3,1,0](14),[1,3,2,0](18),[1,3,2,1](21),[1,3,2,1](24) geodes 3
Blueprint 24 path [1,0,0,0](0),[2,0,0,0](3),[2,1,0,0](5),[2,2,0,0](6),[2,3,0,0](7),[2,4,0,0](8),[2,5,0,0](9),[2,5,1,0](10),[2,5,2,0](12),[2,6,2,0](13),[2,6,3,0](14),[2,6,4,0](16),[2,6,4,1](17),[2,6,5,1](18),[2,6,6,1](19),[2,6,6,2](20),[2,6,7,2](21),[2,6,7,3](22),[2,6,7,4](23),[2,6,7,4](24) geodes 14
Blueprint 25 path [1,0,0,0](0),[2,0,0,0](4),[2,1,0,0](6),[2,2,0,0](8),[2,3,0,0](9),[2,4,0,0](11),[2,4,1,0](14),[2,5,1,0](15),[2,6,1,0](16),[2,6,2,0](18),[2,6,3,0](20),[2,6,3,1](23),[2,6,3,1](24) geodes 1
Blueprint 26 path [1,0,0,0](0),[2,0,0,0](3),[2,1,0,0](5),[2,2,0,0](7),[3,2,0,0](8),[3,3,0,0](9),[3,4,0,0](10),[3,5,0,0](11),[3,6,0,0](12),[3,6,1,0](13),[3,7,1,0](14),[3,7,2,0](16),[3,7,3,0](19),[3,7,4,0](21),[3,7,4,1](23),[3,7,4,1](24) geodes 1
Blueprint 27 path [1,0,0,0](0),[2,0,0,0](4),[3,0,0,0](6),[3,1,0,0](8),[3,2,0,0](9),[3,3,0,0](11),[3,4,0,0](12),[3,5,0,0](13),[3,6,0,0](15),[3,6,1,0](16),[3,6,2,0](19),[3,6,2,1](22),[3,6,2,1](24) geodes 2
Blueprint 28 path  geodes 0
Blueprint 29 path [1,0,0,0](0),[1,1,0,0](4),[1,2,0,0](7),[1,2,1,0](11),[1,2,2,0](15),[1,2,2,1](18),[1,2,2,2](21),[1,2,2,2](24) geodes 9
Blueprint 30 path [1,0,0,0](0),[1,1,0,0](4),[2,1,0,0](8),[2,2,0,0](10),[2,3,0,0](12),[2,4,0,0](13),[2,4,1,0](16),[2,5,1,0](17),[2,6,1,0](18),[2,6,2,0](20),[2,6,2,1](23),[2,6,2,1](24) geodes 1

prod2:
Blueprint 1 path [1,0,0,0](0),[2,0,0,0](3),[3,0,0,0](5),[4,0,0,0](6),[4,1,0,0](7),[4,2,0,0](8),[4,3,0,0](9),[4,4,0,0](10),[4,5,0,0](11),[4,6,0,0](12),[4,7,0,0](13),[4,7,1,0](14),[4,7,2,0](16),[4,8,2,0](17),[4,8,3,0](18),[4,8,3,1](20),[4,8,4,1](21),[4,8,5,1](22),[4,8,5,2](23),[4,8,6,2](24),[4,8,6,3](25),[4,8,7,3](26),[4,8,7,4](27),[4,8,7,5](28),[4,8,7,6](29),[4,8,7,7](31),[4,8,7,7](32) geodes 41
Blueprint 2 path [1,0,0,0](0),[2,0,0,0](5),[3,0,0,0](8),[3,1,0,0](10),[4,1,0,0](11),[4,2,0,0](12),[4,3,0,0](13),[4,4,0,0](14),[4,5,0,0](15),[4,6,0,0](16),[4,6,1,0](17),[4,7,1,0](18),[4,7,2,0](19),[4,7,3,0](21),[4,8,3,0](22),[4,8,4,0](23),[4,9,4,0](24),[4,9,4,1](25),[4,9,5,1](26),[4,9,6,1](27),[4,9,7,1](28),[4,9,7,2](29),[4,9,7,3](31),[4,9,7,3](32) geodes 11
Blueprint 3 path [1,0,0,0](0),[2,0,0,0](5),[3,0,0,0](8),[3,1,0,0](10),[3,2,0,0](11),[3,3,0,0](12),[3,4,0,0](14),[3,5,0,0](15),[3,6,0,0](16),[3,6,1,0](18),[3,6,2,0](19),[3,6,3,0](20),[3,6,4,0](22),[3,6,4,1](23),[3,6,5,1](24),[3,6,5,2](25),[3,6,6,2](26),[3,6,6,3](27),[3,6,6,4](28),[3,6,6,5](30),[3,6,6,6](31),[3,6,6,6](32) geodes 28